A =

   0.00033   0.00000   0.00734   0.00000   0.00000   0.00000  -0.00766
   0.00000   0.00049  -0.00783   0.00000   0.00000   0.00000   0.00734
   0.00000  -0.00049   0.00177  -0.00095   0.00000   0.00000  -0.00033
   0.00000   0.00000   0.00000   0.00000  -0.00049   0.00145   0.00000
  -0.00033   0.00000  -0.00033   0.00000  -0.00024  -0.00096   0.00089
   0.00000   0.00000   0.00000   1.00000  -1.00000   0.00000   0.00000
   0.00000   0.00000   0.00000   0.00000   0.00000   7.95921  -1.00000

B =

   0.00101
   0.00000
   0.00000
   0.00000
  -0.00101
   5.11423
   0.00000

x =

   11.67246
    7.29929
    7.79260
    8.03313
    2.91891
    0.98318
    7.82530

C =

   8278.16593   3060.18803   4168.97962      0.00000
   4168.97962      0.00000  -1008.82777      0.00000
     22.45736     21.45736      0.00000      0.00000
      0.00000      0.00000      0.00000      1.00000

D =

   5.11423
   0.00000
   0.00000
  -0.00101

y =

   0.00022930
  -0.00023999
   0.00094758
  -0.00101155

