A =

 Columns 1 through 3:

   3.253143267934404e-04   0.000000000000000e+00   7.338555171770000e-03
   0.000000000000000e+00   4.864834884885996e-04  -7.825038660258599e-03
   0.000000000000000e+00  -4.864834884885996e-04   1.766551195513126e-03
   0.000000000000000e+00   0.000000000000000e+00   0.000000000000000e+00
  -3.253143267934404e-04   0.000000000000000e+00  -3.267773063589622e-04
   0.000000000000000e+00   0.000000000000000e+00   0.000000000000000e+00
   0.000000000000000e+00   0.000000000000000e+00   0.000000000000000e+00

 Columns 4 through 6:

   0.000000000000000e+00   0.000000000000000e+00   0.000000000000000e+00
   0.000000000000000e+00   0.000000000000000e+00   0.000000000000000e+00
  -9.532904006655646e-04   0.000000000000000e+00   0.000000000000000e+00
   0.000000000000000e+00  -4.895217743532568e-04   1.453319074418003e-03
   0.000000000000000e+00  -2.398668479981550e-04  -9.637973000647467e-04
   1.000000000000000e+00  -1.000000000000000e+00   0.000000000000000e+00
   0.000000000000000e+00   0.000000000000000e+00   7.959211589212439e+00

 Column 7:

  -7.663869498563441e-03
   7.338555171770000e-03
  -3.267773063589622e-04
   0.000000000000000e+00
   8.919584811505575e-04
   0.000000000000000e+00
  -1.000000000000000e+00

B =

   1.011550349070000e-03
   0.000000000000000e+00
   0.000000000000000e+00
   0.000000000000000e+00
  -1.011550349070000e-03
   5.114229215560000e+00
   0.000000000000000e+00

x =

   1.167246217823220e+01
   7.299290860027152e+00
   7.792598997486454e+00
   8.033134258214250e+00
   2.918905042654251e+00
   9.831754091722645e-01
   7.825301110912569e+00

C =

 Columns 1 through 3:

   8.278165932140000e+03   3.060188025730000e+03   4.168979616590000e+03
   4.168979616590000e+03   0.000000000000000e+00  -1.008827769690000e+03
   2.245735866280952e+01   2.145735866280952e+01   0.000000000000000e+00
   0.000000000000000e+00   0.000000000000000e+00   0.000000000000000e+00

 Column 4:

   0.000000000000000e+00
   0.000000000000000e+00
   0.000000000000000e+00
   1.000000000000000e+00

D =

   5.114229215560000e+00
   0.000000000000000e+00
   0.000000000000000e+00
  -1.011550349070000e-03

y =

   2.292999550733833e-04
  -2.399862636110139e-04
   9.475818048502834e-04
  -1.011550349070000e-03

