

Please enter the lowest student number in your group: 


Units for the values: V, mA, kOhm, mS and uF


Values:  R1 = 1.04899828982 
R2 = 2.0555682231 
R3 = 3.06018802573 
R4 = 4.16897961659 
R5 = 3.07395007732 
R6 = 2.0428100493 
R7 = 1.03756256625 
Vs = 5.11422921556 
C = 1.01155034907 
Kb = 7.33855517177 
Kd = 8.25818000183 



